Information 8.532038
Ġ8 9.645128
88 5.232069
- 2.2419932
282 6.218725
- 0.033316683
0 3.7579985
476 5.559551
Ġ8 3.4648523
88 0.07601134
- 0.050111037
282 0.09868288
- 0.007940309
0 0.060558643
476 0.11465111
Ġ8 2.1610723
88 0.019494813
- 0.002235782
282 0.01197326
- 0.002644741
0 0.013795102
476 0.03636055
Ġ8 0.44713792
88 0.0012073767
- 0.0007051641
282 0.004077213
- 0.0012068999
0 0.0073721153
476 0.022896823
Ġ8 0.20294634
88 0.00047774
- 0.0005700715
282 0.0024849307
- 0.00072839786
0 0.0039948155
476 0.016101003
Ġ8 0.11426635
88 0.00024239712
- 0.00045021495
282 0.001798827
- 0.0004554599
0 0.0022525531
476 0.013485835
Ġ8 0.083488695
88 0.00016122675
- 0.00032044618
282 0.0014452338
- 0.00029852006
0 0.0016329284
476 0.013153991
Ġ8 0.062031657
88 0.0001408466
- 0.0002998313
282 0.0012844024
- 0.00022773506
0 0.0013157127
476 0.012642672
Ġ8 0.056083906
88 0.00013595926
- 0.0002671768
282 0.0012079726
- 0.00018613665
0 0.0012618985
476 0.01276826
Ġ8 0.051179674
88 0.00012654216
- 0.00022964232
282 0.0011923717
- 0.00016313401
0 0.001223682
476 0.013264463
Ġ8 0.048716813
88 0.00012237004
- 0.00024953834
282 0.0012233243
- 0.0001440651
0 0.0010955691
476 0.013405034
Ġ8 0.045525957
88 0.000116894
- 0.00021331508
282 0.0012074959
- 0.00011796683
0 0.000995295
476 0.013221992
Ġ8 0.04521064
88 0.00012225083
- 0.00021319589
282 0.0012134487
- 0.00011510595
0 0.0008628651
476 0.012218115
Ġ8 0.043739323
88 0.0001246349
- 0.00020866614
282 0.0012021353
- 0.00010318558
0 0.00079604686
476 0.012697405
Ġ8 0.04309408
88 0.0001311911
- 7.465036e-06
282 0.0013102402
- 0.00011319869
0 0.00066859426
476 0.011175964
Ġ8 0.03525018
88 9.460292e-05
- 0.00020783172
282 0.00128571
- 9.865584e-05
0 0.0005692371
476 0.011882558
Ġ8 0.03337134
88 0.00011081461
- 0.000191024
282 0.0012277275
- 0.0001005631
0 0.00051156816
476 0.012506947
Ġ8 0.03155621
88 0.00010986099
- 0.00018315656
282 0.0012396332
- 8.9834764e-05
0 0.00049036095
476 0.012693288
Ġ8 0.03216231
88 0.00011617878
- 3.0545007e-06
282 0.0013821403
- 6.7901296e-05
0 0.0005159787
476 0.012992562
Ġ8 0.026866904
88 9.615256e-05
- 0.00014263466
282 0.0013029762
- 7.982166e-05
0 0.00041089242
476 0.0129127875
Ġ8 0.02685403
88 0.00011236426
- 0.00015872349
282 0.0013085714
- 8.11329e-05
0 0.0003741887
476 0.013437496
Ġ8 0.025688179
88 0.0001201125
- 0.00015669702
282 0.001249043
- 7.505351e-05
0 0.0003802681
476 0.014070767
Ġ8 0.024680555
88 0.00012880703
- 0.00016754455
282 0.0013210732
- 7.7199176e-05
0 0.00013774731
476 0.011868539
Ġ8 0.01155915
88 7.278864e-05
- 2.577686e-06
282 0.0013576137
- 4.0007635e-05
0 0.00021355349
476 0.011854875
Ġ8 0.012832994
88 6.682846e-05
- 0.00011260267
282 0.0013428509
- 4.978234e-05
0 0.00017445837
476 0.011296319
Ġ8 0.013037173
88 7.338466e-05
- 0.00012237004
282 0.0013266648
- 4.894791e-05
0 0.00018577903
476 0.011293375
Ġ8 0.012546736
88 7.743759e-05
- 0.00013274075
282 0.0012916665
- 5.109358e-05
0 0.00017135908
476 0.010753969
Ġ8 0.012213286
88 8.6497064e-05
- 0.00010640408
282 0.0013848783
- 4.7159858e-05
0 0.00016349163
476 0.011046768
Ġ8 0.010100866
88 7.0523776e-05
- 0.000112960275
282 0.0013532141
- 4.4179764e-05
0 0.00015157493
476 0.011791846
Ġ8 0.009947207
88 6.7901296e-05
- 0.00011009939
282 0.0013440428
- 4.036525e-05
0 0.00015383612
476 0.012230246
Ġ8 0.009362546
88 6.587483e-05
- 9.7821416e-05
282 0.0012880941
- 3.7981175e-05
0 0.00013595926
476 0.011789961
Ġ8 0.009584312
88 6.7901296e-05
- 0.00010211275
282 0.001262733
- 3.6073914e-05
0 0.00012308525
476 0.011282062
Ġ8 0.009153837
88 6.313315e-05
- 0.00011927807
282 0.0013516645
- 4.5848617e-05
0 0.00017672323
476 0.011274638
Ġ8 0.009113447
88 6.50404e-05
- 9.960947e-05
282 0.0013170239
- 3.23786e-05
0 0.00014382669
476 0.011593317
Ġ8 0.009567185
88 6.682846e-05
- 0.00010521204
282 0.0012559458
- 2.9875326e-05
0 0.00012130453
476 0.011050059
Ġ8 0.009245854
88 7.0523776e-05
- 0.00010807293
282 0.0012729735
- 2.9040899e-05
0 0.00012701898
476 0.010323526
Ġ8 0.008666098
88 6.647085e-05
- 0.000106284875
282 0.0013123787
- -0.0
0 0.00015455135
476 0.01068556
Ġ8 0.008245994
88 7.266944e-05
- 0.000107715314
282 0.0012334456
- 2.3915141e-05
0 0.00012749579
476 0.011313178
Ġ8 0.008548145
88 7.016616e-05
- 9.1026806e-05
282 0.0012654747
- 2.2842309e-05
0 0.00012142374
476 0.011692285
Ġ8 0.008312668
88 6.921253e-05
- 8.637786e-05
282 0.0012302308
- 2.0219828e-05
0 0.0001273766
476 0.011450837
Ġ8 0.0082835825
88 7.1954215e-05
- 8.602025e-05
282 0.0012315384
- 2.0696643e-05
0 0.000109622575
476 0.010741115
Ġ8 0.008146074
88 6.837811e-05
- 1.504853e-06
282 0.0013300024
- 1.8908588e-05
0 0.00014990607
476 0.010622823
Ġ8 0.008000272
88 7.004696e-05
- 7.517272e-05
282 0.0012741619
- 1.7954959e-05
0 0.0001245157
476 0.010595922
Ġ8 0.007960655
88 7.4576696e-05
- 8.292095e-05
282 0.0011836808
- 1.735894e-05
0 0.00010759611
476 0.009587974
Ġ8 0.0077604153
88 7.13582e-05
- 8.506662e-05
282 0.0011823695
- 1.7954959e-05
0 0.00010819213
476 0.0090217665
Ġ8 0.007640821
88 7.588794e-05
- 8.5543434e-05
282 0.0011726059
- 1.9146995e-05
0 0.000119039665
476 0.010027577
Ġ8 0.0066424254
88 6.921253e-05
- 7.362307e-05
282 0.0012941662
- 1.5451682e-05
0 9.960947e-05
476 0.010461919
Ġ8 0.0066877836
88 6.945094e-05
- 6.742448e-05
282 0.0012863061
- 1.4498052e-05
0 8.196733e-05
476 0.010546389
Ġ8 0.006793409
88 7.362307e-05
- 6.754368e-05
282 0.0012680899
- 1.4259645e-05
0 8.029847e-05
476 0.0103115
Ġ8 0.006564741
88 7.7079974e-05
- 6.8854926e-05
282 0.001274758
- 1.4974867e-05
0 6.742448e-05
476 0.010191383
Ġ8 0.0063638547
88 7.922564e-05
- 1.147242e-06
282 0.0013092867
- 1.5213274e-05
0 0.000107238506
476 0.009922889
Ġ8 0.006091254
88 8.375538e-05
- 6.587483e-05
282 0.0012497582
- 1.60477e-05
0 7.4695905e-05
476 0.009971394
Ġ8 0.0064097005
88 8.0656086e-05
- 6.837811e-05
282 0.0013010689
- 1.700133e-05
0 7.2907846e-05
476 0.010037488
Ġ8 0.00649972
88 8.041768e-05
- 7.004696e-05
282 0.001264402
- 1.6286107e-05
0 6.837811e-05
476 0.010277167
Ġ8 0.006417755
88 8.220573e-05
- 6.6947665e-05
282 0.0012626138
- 1.6643718e-05
0 6.6113236e-05
476 0.010254977
Ġ8 0.0057317056
88 7.9702455e-05
- 1.2664457e-06
282 0.001324884
- 1.5570886e-05
0 7.2192626e-05
476 0.0110135125
Ġ8 0.00636042
88 7.9940866e-05
- 5.550411e-05
282 0.001279284
- 1.569009e-05
0 5.6100132e-05
476 0.011352197
Ċ 6.7072954
Both 15.274764
Ġsides 4.2908883
Ġof 1.3993661
Ġthe 0.5532058
Ġargument 5.6278796
Ġhave 2.9711049
Ġreasonable 5.9728317
Ġgrounds 2.3696816
Ġaccording 9.359689
Ġto 0.03299321
Ġthe 0.89418983
Ġlatest 8.173117
Ġprocesses 10.996181
Ġin 3.1577334
Ġcultural 10.815477
Ġchange 6.2316484
. 1.3086902
Ċ 2.0935984
The 2.7801318
Ġstrength 8.388315
Ġof 0.1489683
Ġlocal 7.6694207
Ġcultures 3.2919214
Ġis 1.3327477
Ġconsidered 6.364691
Ġmore 4.4580603
Ġcompelling 7.3272014
Ġby 2.6462624
Ġthe 1.1925954
Ġother 5.812194
Ġside 0.305945
Ġof 1.8565402
Ġthe 0.057594843
Ġargument 0.4711712
. 0.5719238
Ċ 1.2836051
Since 5.612927
Ġmarket 10.709066
Ġforces 2.1357172
Ġrule 7.4081087
Ġthese 5.4618974
Ġprocesses 3.1985538
, 0.4927176
Ġthe 1.6043199
Ġhost 8.7755785
Ġcultures 4.157367
Ġare 1.6525911
Ġaware 8.378911
Ġof 0.274153
Ġthe 0.9275196
Ġorigins 8.539076
Ġof 0.21423368
Ġthe 1.1910998
Ġborrowed 9.12459
Ġcultural 2.534525
Ġclusters 10.4790325
. 0.9444035
