Information 8.320104
Ġ8 9.73321
88 9.7092905
- 0.79854584
282 5.547052
- 0.004419794
0 3.9283662
476 5.8383985
Ġ8 3.964281
88 0.18345287
- 0.01767689
282 0.15846594
- 0.00041827938
0 0.11642965
476 0.060041048
Ġ8 2.0562854
88 0.04670616
- 0.0072949626
282 0.03908446
- 0.000305311
0 0.057569075
476 0.025171941
Ġ8 0.6181342
88 0.014191122
- 0.0010431708
282 0.022594308
- 0.00032283025
0 0.017642343
476 0.008968012
Ġ8 0.40625995
88 0.008815705
- 0.00082761387
282 0.018425241
- 0.0002879146
0 0.011806213
476 0.0057446216
Ġ8 0.29667938
88 0.0058072098
- 0.0005861567
282 0.015664073
- 0.00026193185
0 0.008236885
476 0.0040064533
Ġ8 0.20336908
88 0.004479374
- 0.00046153198
282 0.013052337
- 0.00020270597
0 0.0062070084
476 0.0031522885
Ġ8 0.14883229
88 0.003356182
- 0.00041529932
282 0.010801386
- 0.00020711649
0 0.0046386225
476 0.0025717332
Ġ8 0.11543537
88 0.0028905869
- 0.00037585758
282 0.008848915
- 0.000105331244
0 0.0035524392
476 0.0022348284
Ġ8 0.09702174
88 0.0020612844
- 0.00032175743
282 0.0071937623
- 0.00012082772
0 0.0027983412
476 0.0018992441
Ġ8 0.08207712
88 0.0017569333
- 0.00029553997
282 0.0059607956
- 7.409989e-05
0 0.00259385
476 0.001532713
Ġ8 0.072262675
88 0.0013839246
- 0.00026813045
282 0.005056691
- 7.79144e-05
0 0.002317488
476 0.0012896401
Ġ8 0.06402229
88 0.0011221186
- 0.0002544257
282 0.0039726123
- 1.831257e-05
0 0.0021001797
476 0.0010713928
Ġ8 0.05707524
88 0.00090324215
- 0.0002387018
282 0.004014765
- 2.677603e-05
0 0.0018935334
476 0.0009570782
Ġ8 0.05185528
88 0.00074815995
- 0.00021426505
282 0.003215261
- 2.6299214e-05
0 0.0016428076
476 0.00086179224
Ġ8 0.048037946
88 0.00067705044
- 0.00020437481
282 0.0026874214
- 2.1769476e-05
0 0.0014905771
476 0.0007526897
Ġ8 0.0426368
88 0.0005716212
- 0.00018518302
282 0.002440101
- 0.00012391969
0 0.0012422557
476 0.0006604921
Ġ8 0.04044524
88 0.0005388548
- 0.00017421995
282 0.002009172
- 1.8193366e-05
0 0.0012245127
476 0.0006221305
Ġ8 0.039793383
88 0.0004766672
- 0.00017720005
282 0.0019032935
- 1.5570886e-05
0 0.0011461719
476 0.00060760236
Ġ8 0.037389204
88 0.00047523674
- 0.00016861738
282 0.0017093288
- 0.000107715314
0 0.0010718696
476 0.0004983439
Ġ8 0.036089223
88 0.00044044392
- 0.00015431295
282 0.0015365237
- 8.1371305e-05
0 0.00087870826
476 0.0004552215
Ġ8 0.03417636
88 0.00040362097
- 0.00015955791
282 0.0013819018
- 9.138441e-05
0 0.0007896172
476 0.00046510808
Ġ8 0.03333848
88 0.00038300612
- 0.00015836587
282 0.0013939269
- 8.971556e-05
0 0.0007724629
476 0.00037299667
Ġ8 0.024487585
88 0.00041113084
- 0.0001558626
282 0.0013227421
- 1.6524515e-05
0 0.0009788631
476 0.0004492613
Ġ8 0.024645546
88 0.0003396343
- 0.00015395533
282 0.0012013009
- 6.9331734e-05
0 0.00079604686
476 0.0003615641
Ġ8 0.024780802
88 0.00032938644
- 0.00016623331
282 0.0010717503
- 7.481511e-05
0 0.0006865794
476 0.00033808468
Ġ8 0.024517829
88 0.000351551
- 0.0001594387
282 0.0010869937
- 7.421909e-05
0 0.0006152204
476 0.00036061046
Ġ8 0.024548428
88 0.0003449985
- 0.00014478032
282 0.0009424308
- 9.610702e-06
0 0.00064036134
476 0.00031341682
Ġ8 0.023553504
88 0.00028338484
- 0.00013834333
282 0.000965892
- 5.550411e-05
0 0.0005825806
476 0.00026872646
Ġ8 0.02361952
88 0.0002749214
- 0.00013786652
282 0.00081129395
- 6.372917e-05
0 0.000521816
476 0.00025371046
Ġ8 0.02235337
88 0.0002576442
- 0.00013285996
282 0.00079878856
- 6.2775536e-05
0 0.00049465225
476 0.00024751187
Ġ8 0.022077167
88 0.00025275684
- 0.000119874094
282 0.00081379723
- 6.4325184e-05
0 0.00049298344
476 0.00018816312
Ġ8 0.02194667
88 0.00021462266
- 0.000113079484
282 0.000688725
- 6.392203e-06
0 0.00046260483
476 0.00020163313
Ġ8 0.021323472
88 0.00020199074
- 9.9490266e-05
282 0.0006778848
- 4.6444635e-05
0 0.00044211277
476 0.00018947436
Ġ8 0.02054224
88 0.00020210995
- 0.000101039914
282 0.000648337
- 5.3954464e-05
0 0.00040207137
476 0.00018828231
Ġ8 0.020110033
88 0.00019007038
- 9.186123e-05
282 0.00060236105
- 5.7530575e-05
0 0.0003745463
476 0.00018327577
Ġ8 0.020312374
88 0.000197461
- 9.4245304e-05
282 0.00056256534
- 2.6968896e-06
0 0.000377288
476 0.00015884268
Ġ8 0.01987236
88 0.00017743846
- 7.1238996e-05
282 0.00054993347
- 4.441817e-05
0 0.00034976663
476 0.0001501445
Ġ8 0.019605288
88 0.00016790217
- 7.672237e-05
282 0.0005118066
- 5.2047206e-05
0 0.00033629662
476 0.00014835644
Ġ8 0.019261794
88 0.00015157493
- 7.266944e-05
282 0.00049798633
- 5.7530575e-05
0 0.0003093639
476 0.00015074051
Ġ8 0.019310681
88 0.0001690942
- 6.9331734e-05
282 0.0004984631
- 6.062987e-05
0 0.00029315587
476 0.00014466111
Ġ8 0.019179115
88 0.00015598179
- 6.253713e-05
282 0.00051931274
- 4.4537377e-05
0 0.00030150014
476 0.00013297916
Ġ8 0.01873241
88 0.00015753144
- 5.8841815e-05
282 0.00050251605
- 5.5980927e-05
0 0.00027742467
476 0.000118324446
Ġ8 0.018239144
88 0.00015598179
- 6.122589e-05
282 0.00045795587
- 6.50404e-05
0 0.00027266017
476 0.00012213163
Ġ8 0.018004073
88 0.0001407274
- 5.8722613e-05
282 0.0004748791
- 6.563642e-05
0 0.00024941913
476 0.00011915887
Ġ8 0.017684266
88 0.00014013138
- 5.7172965e-05
282 0.0004807201
- 1.9816675e-06
0 0.0002880338
476 0.000117132404
Ġ8 0.017340587
88 0.00013822412
- 5.1331983e-05
282 0.00044711566
- 6.086828e-05
0 0.00025299523
476 0.000112245056
Ġ8 0.016632823
88 0.00013262156
- 4.8471098e-05
282 0.0003959993
- 6.8616515e-05
0 0.0002288079
476 0.000110337794
Ġ8 0.017095575
88 0.00012344286
- 4.6802244e-05
282 0.000409462
- 7.016616e-05
0 0.0002387018
476 0.00010914576
Ġ8 0.016642671
88 0.00013011828
- 4.274932e-05
282 0.0003812217
- 7.851042e-05
0 0.00022773506
476 0.00010545045
Ġ8 0.016665064
88 0.00012546933
- 4.2630116e-05
282 0.00037740718
- 1.7432603e-06
0 0.00028326566
476 0.00011260267
Ġ8 0.01578705
88 0.00010330478
- 4.1080468e-05
282 0.00034893217
- 7.088138e-05
0 0.00024751187
476 9.913265e-05
Ġ8 0.015265671
88 0.00010425841
- 4.5133394e-05
282 0.00034738256
- 7.016616e-05
0 0.0002321456
476 9.376849e-05
Ġ8 0.015104595
88 0.00010688089
- 4.7755875e-05
282 0.00034785937
- 7.159661e-05
0 0.00022046364
476 9.8536635e-05
Ġ8 0.015446693
88 9.72254e-05
- 4.2868523e-05
282 0.00031484728
- 6.754368e-05
0 0.00021152703
476 9.5914154e-05
Ġ8 0.015272604
88 0.000101039914
- 4.0603656e-05
282 0.0003740695
- 1.2664457e-06
0 0.00025883623
476 0.000107715314
Ġ8 0.014273627
88 8.697388e-05
- 4.179569e-05
282 0.00031663533
- 5.8603408e-05
0 0.0002291655
476 0.0001037816
Ċ 5.533046
Both 15.232195
Ġsides 4.847192
Ġof 0.47786176
Ġthe 0.46351266
Ġargument 3.5292149
Ġhave 2.1104794
Ġreasonable 5.0804787
Ġgrounds 6.6935577
Ġaccording 9.730293
Ġto 0.011891754
Ġthe 1.453363
Ġlatest 4.6256447
Ġprocesses 13.302766
Ġin 2.0510154
Ġcultural 7.8363943
Ġchange 4.161561
. 0.6023035
Ċ 2.2018588
The 2.144346
Ġstrength 8.338353
Ġof 0.21819994
Ġlocal 7.615265
Ġcultures 4.0388355
Ġis 1.3170245
Ġconsidered 7.106654
Ġmore 5.179067
Ġcompelling 7.690778
Ġby 2.3578327
Ġthe 1.4045053
Ġother 6.8802443
Ġside 0.47546545
Ġof 2.2960868
Ġthe 0.027149905
Ġargument 0.25604212
. 0.42500865
Ċ 0.23522143
Since 6.286826
Ġmarket 9.162714
Ġforces 1.4547557
Ġrule 5.5932293
Ġthese 5.043074
Ġprocesses 3.9733717
, 0.8590139
Ġthe 1.3535123
Ġhost 10.420305
Ġcultures 2.7049832
Ġare 1.2087296
Ġaware 8.834511
Ġof 0.19263326
Ġthe 0.60900944
Ġorigins 10.042558
Ġof 0.22507201
Ġthe 1.1358826
Ġborrowed 7.666834
Ġcultural 2.2791228
Ġclusters 10.866269
. 0.6875526
