The 2.6440344
Ġworld 5.781776
Ġoutside 7.047936
Ġhad 5.8795595
Ġ8 11.850371
88 6.2300434
- 4.7917266
349 8.947492
- 0.35212633
88 4.674514
84 4.295191
Ġ8 5.117751
88 0.04516062
- 0.22110303
349 0.056093376
- 0.0030373705
88 0.021780698
84 0.09227851
Ġ8 2.0585868
88 0.0063357796
- 0.026246192
349 0.008155064
- 0.0010011323
88 0.006608553
84 0.0113422945
Ġ8 0.9620655
88 0.0027689787
- 0.0045098695
349 0.0030898936
- 0.00061010564
88 0.0022523147
84 0.0040755514
Ġ8 0.6490603
88 0.0013896391
- 0.0016830361
349 0.001997989
- 0.00036347136
88 0.0015310515
84 0.0030440239
Ġ8 0.48479804
88 0.0007248217
- 0.0010568645
349 0.0013613052
- 0.00042590842
88 0.0012439209
84 0.0023595945
Ġ8 0.38086978
88 0.0004587903
- 0.0008155853
349 0.0010777069
- 0.00031758897
88 0.0009614815
84 0.0020684218
Ġ8 0.30143854
88 0.0004181602
- 0.0005568436
349 0.0007835415
- 0.00024406596
88 0.00084524497
84 0.001861046
Ġ8 0.26562014
88 0.00032342627
- 0.00042102108
349 0.0006844374
- 0.00024715427
88 0.0008726325
84 0.001719089
Ġ8 0.22524351
88 0.00032962486
- 0.00031294
349 0.0005724519
- 0.00024168189
88 0.0009743518
84 0.0014457108
Ġ8 0.19646882
88 0.00026777282
- 0.00030864868
349 0.00052717654
- 0.0002041364
88 0.0010225669
84 0.0012764268
Ġ8 0.1664937
88 0.00025633295
- 0.000305311
349 0.0005234849
- 0.00020961977
88 0.0010512694
84 0.001133905
Ġ8 0.15568112
88 0.00022046364
- 0.00031460886
349 0.0004956059
- 0.00020520923
88 0.0010273313
84 0.0009920801
Ġ8 0.1362197
88 0.00022451657
- 0.00026228945
349 0.00041529932
- 0.00022618541
88 0.00094754563
84 0.000957555
Ġ8 0.1278311
88 0.00023143037
- 0.00020032188
349 0.00041780257
- 0.0002291655
88 0.0009093179
84 0.0008346432
Ġ8 0.1156035
88 0.00019972587
- 0.00022523178
349 0.0003973032
- 0.00026240866
88 0.0008438145
84 0.0007513785
Ġ8 0.11014759
88 0.00020985818
- 0.00023226479
349 0.00037740718
- 0.00030769507
88 0.0008444105
84 0.00069301634
Ġ8 0.104631506
88 0.0002041364
- 9.817902e-05
349 0.00033272416
- 0.00027242178
88 0.0007594807
84 0.0006527475
Ġ8 0.09926141
88 0.00016623331
- 6.241792e-05
349 0.00032700237
- 0.00023357604
88 0.00068884424
84 0.0005700715
Ġ8 0.09181153
88 0.00016778296
- 0.0001844678
349 0.00032080378
- 0.00028731857
88 0.0006981385
84 0.0005759088
Ġ8 0.0848283
88 0.00016873659
- 0.00016420685
349 0.00028684177
- 0.00029816243
88 0.0006170084
84 0.00051026064
Ġ8 0.081087634
88 0.00015645861
- 0.0002006795
349 0.00025680976
- 0.00027611342
88 0.0005818653
84 0.0004917914
Ġ8 0.08073393
88 0.00015205175
- 6.2775536e-05
349 0.000312344
- 0.00018077616
88 0.00073185476
84 0.00036858613
Ġ8 0.034743574
88 0.000191024
- 0.00022153647
349 0.00030042732
- 0.00024358915
88 0.0008242762
84 0.00046618094
Ġ8 0.032938536
88 0.00019853383
- 0.00023321842
349 0.00029506313
- 0.00027099132
88 0.00079914613
84 0.00043734463
Ġ8 0.03279365
88 0.00022022522
- 0.00026252787
349 0.00029518234
- 0.0002478695
88 0.0008198729
84 0.00044056313
Ġ8 0.03235276
88 0.00019924906
- 0.00023393365
349 0.00026157423
- 0.00025931303
88 0.0007600767
84 0.00043412615
Ġ8 0.031733952
88 0.00020127551
- 0.00021462266
349 0.00025978617
- 0.00019471932
88 0.0007389923
84 0.0004518838
Ġ8 0.029479908
88 0.00019698418
- 0.00019567294
349 0.00023965542
- 0.000203898
88 0.00074911356
84 0.0004322189
Ġ8 0.029965343
88 0.00018661347
- 0.00020985818
349 0.00023703295
- 0.00019436171
88 0.0006968272
84 0.00046045915
Ġ8 0.029164227
88 0.00022284771
- 0.00018637507
349 0.00024275472
- 0.00018625586
88 0.00073410495
84 0.0004676114
Ġ8 0.030038
88 0.00022856948
- 0.00018649426
349 0.00023643693
- 0.0001309527
88 0.0006298751
84 0.0004007601
Ġ8 0.029225713
88 0.00023750975
- 0.00022487417
349 0.00025478328
- 0.00014668758
88 0.000697304
84 0.00042090187
Ġ8 0.028517501
88 0.00019030878
- 0.00019340808
349 0.0002421587
- 0.00014203864
88 0.00065238995
84 0.00041422647
Ġ8 0.02810079
88 0.00021331508
- 0.00016229959
349 0.0002488231
- 0.00014561474
88 0.0006243954
84 0.0004107732
Ġ8 0.02726058
88 0.00020926216
- 0.00016492206
349 0.00023154958
- 0.00014668758
88 0.0006042647
84 0.00037752642
Ġ8 0.025841301
88 0.0002007987
- 7.226629e-06
349 0.00026801124
- 8.8165914e-05
88 0.0005693563
84 0.0003550079
Ġ8 0.024794644
88 0.000184587
- 0.00012511172
349 0.00024727348
- 9.794062e-05
88 0.0005686411
84 0.00032855204
Ġ8 0.024388121
88 0.00017994174
- 0.000112125854
349 0.00023452967
- 0.00011319869
88 0.0005799581
84 0.00031484728
Ġ8 0.024961047
88 0.00017970333
- 0.00011260267
349 0.00025013436
- 0.00010926496
88 0.00058806024
84 0.000320923
Ġ8 0.02458018
88 0.00019901065
- 0.000108788154
349 0.00024358915
- 8.506662e-05
88 0.00055577443
84 0.0003066222
Ġ8 0.027636247
88 0.00018601745
- 0.00010223195
349 0.0002776631
- 9.1742026e-05
88 0.00059092115
84 0.00029112943
Ġ8 0.027450118
88 0.0002006795
- 9.984788e-05
349 0.0002700377
- 0.0001167748
88 0.0005443345
84 0.00028910663
Ġ8 0.027142478
88 0.000197461
- 9.436451e-05
349 0.0002606206
- 0.0001008015
88 0.00055303273
84 0.00029279827
Ġ8 0.027691903
88 0.00020294437
- 8.9953974e-05
349 0.00026777282
- 0.00012356207
88 0.0005283686
84 0.00029136782
Ġ8 0.027013918
88 0.00018720949
- 6.0345924e-06
349 0.0002554985
- 9.674858e-05
88 0.00051252183
84 0.00027992795
Ġ8 0.024503872
88 0.00016361084
- 0.000110457004
349 0.00027480218
- 8.8285124e-05
88 0.0004744023
84 0.00028088156
Ġ8 0.02366236
88 0.00016158436
- 7.767599e-05
349 0.00025394888
- 0.000104616025
88 0.00047785923
84 0.00027706707
Ġ8 0.022930486
88 0.00016492206
- 7.815281e-05
349 0.00026574635
- 9.615256e-05
88 0.0005106182
84 0.0002669384
Ġ8 0.022564357
88 0.00016635252
- 6.8616515e-05
349 0.00024346994
- 9.5914154e-05
88 0.00045689035
84 0.0002738522
Ġ8 0.020242052
88 0.00013846254
- 4.604148e-06
349 0.00028779538
- 8.244414e-05
88 0.00045771745
84 0.0002733754
Ġ8 0.019976482
88 0.0001407274
- 7.362307e-05
349 0.00026860725
- 8.709308e-05
88 0.00045641355
84 0.00026026298
Ġ8 0.019010467
88 0.00015443214
- 7.088138e-05
349 0.0002518032
- 9.865584e-05
88 0.00047988567
84 0.0002485847
Ġ8 0.01865343
88 0.00015645861
- 6.539802e-05
349 0.0002491807
- 9.198044e-05
88 0.00043770226
84 0.00024048986
Ċ 7.377086
As 13.671097
Ġhe 3.503938
Ġpond 7.383234
ered 0.03378159
Ġhis 2.567444
Ġpurpose 6.185357
Ġin 0.9360903
Ġthe 1.8581641
Ġruins 8.014388
, 1.1952301
Ġhe 1.0385923
Ġheard 1.9529933
Ġa 0.6523947
Ġknock 6.3681164
Ġon 0.7264992
Ġthe 0.27993906
Ġdoor 0.3010082
. 0.26286122
Ċ 1.7645404
He 2.323258
Ġfound 5.1154633
Ġa 1.1555293
Ġlittle 5.260345
Ġgirl 0.9696279
Ġstanding 2.4578297
Ġat 2.6854525
Ġhis 1.0741698
Ġdoorstep 1.7318277
, 1.5370537
Ġher 3.0070574
Ġeyes 2.0013914
Ġfilled 2.8255422
Ġwith 0.022117391
Ġinnocence 4.138949
Ġand 1.0967784
Ġcuriosity 1.2761064
, 2.7517023
Ġand 1.8855922
Ġshe 3.230742
Ġwore 4.2509985
Ġt 4.6422424
attered 0.017974446
Ġclothes 1.5414509
Ġand 2.6892672
Ġbore 4.740333
Ġthe 2.0710516
Ġsigns 2.5265577
Ġof 0.007933686
Ġthe 2.3773837
Ġharsh 2.2943757
Ġworld 2.396377
Ġshe 2.6770124
Ġhad 1.1428111
Ġsurvived 3.5495892
Ġin 0.7253916
. 0.16458789
Ċ 0.41669542
The 2.6654968
Ġman 2.0349193
Ġand 4.9701586
Ġthe 0.21856275
Ġgirl 0.44420958
Ġshared 3.9779778
Ġmemories 8.046841
Ġand 2.1243482
Ġcreated 7.2749815
Ġnew 0.7632982
Ġones 0.30707023
, 1.4236171
Ġwhile 5.720871
Ġthe 0.9538297
Ġman 1.8184812
Ġtaught 2.2900872
Ġher 1.0320885
Ġsurvival 5.9254622
Ġskills 0.573416
. 2.1402998
Ċ 0.54299366
They 3.334043
Ġwere 2.3985574
Ġa 2.396805
Ġsmall 5.352744
Ġfamily 0.19331352
Ġin 2.9418468
Ġtheir 4.080246
Ġsanctuary 6.4228635
. 1.5021868
Ċ 0.24858083
The 1.8691233
Ġman 1.0334984
Ġand 1.693429
Ġthe 0.2071536
Ġgirl 0.096633054
Ġwere 2.1190126
Ġdetermined 6.9706864
Ġto 0.063789
Ġrebuild 4.171014
Ġwhat 3.3307323
Ġhad 1.4450833
Ġbeen 0.2507874
Ġlost 0.3301812
, 1.4518209
Ġand 0.7259638
Ġeach 6.4879904
Ġknock 11.589073
Ġon 0.2687252
Ġthe 0.16010214
Ġdoor 0.023113394
Ġwas 1.322728
Ġmet 4.6418033
Ġwith 0.07403289
Ġhope 2.723347
. 1.0386779
