The 2.598347
Ġworld 5.841083
Ġoutside 6.9973135
Ġhad 7.189609
Ġ8 11.630793
88 5.00982
- 6.566262
349 10.918573
- 1.9322398
88 4.668557
84 5.005273
Ġ8 6.0399733
88 0.022950653
- 0.036334235
349 0.00698958
- 0.001165461
88 0.022769816
84 0.26377586
Ġ8 2.0648644
88 0.0066566383
- 0.0002258278
349 0.0064158593
- 0.001004824
88 0.0073541286
84 0.027019953
Ġ8 0.8123193
88 0.00097053725
- 0.00010139752
349 0.0035760729
- 0.0010632979
88 0.0018892569
84 0.0062566507
Ġ8 0.24423039
88 0.00041136926
- 0.00011284107
349 0.0025487891
- 0.000648933
88 0.001108544
84 0.0026728034
Ġ8 0.11085772
88 0.00022666223
- 0.00014442271
349 0.0019800223
- 0.00039385364
88 0.0007784157
84 0.002054024
Ġ8 0.06898491
88 0.00016313401
- 0.0001626572
349 0.0016879161
- 0.0003210422
88 0.0005547016
84 0.0017763269
Ġ8 0.050469257
88 0.0001441843
- 0.00017314713
349 0.0015102164
- 0.00025299523
88 0.00041970983
84 0.0017563374
Ġ8 0.04062462
88 0.00013440961
- 0.0001843486
349 0.0013529757
- 0.0002226093
88 0.00033546583
84 0.0015936499
Ġ8 0.03378689
88 0.00014001218
- 0.00020580526
349 0.0013804715
- 0.00022499338
88 0.00029458632
84 0.0014032064
Ġ8 0.02851148
88 0.00013500563
- 0.0001911432
349 0.0013567866
- 0.00022165567
88 0.00029911607
84 0.0014197573
Ġ8 0.025407316
88 0.00013595926
- 0.000191024
349 0.0012847563
- 0.00019162003
88 0.0002663424
84 0.0012604719
Ġ8 0.023608927
88 0.00013131031
- 0.00018589824
349 0.0012224899
- 0.00016504127
88 0.00025716738
84 0.0011018722
Ġ8 0.020813497
88 0.00012380048
- 3.9888433e-05
349 0.0012352263
- 3.0232935e-05
88 0.00021295747
84 0.00082785223
Ġ8 0.01857983
88 0.0001005631
- 0.00016098835
349 0.0011805851
- 0.00012976067
88 0.00025084958
84 0.0008677525
Ġ8 0.017807122
88 0.000106046464
- 0.00016313401
349 0.0012147599
- 0.000110337794
88 0.00023810577
84 0.0008816883
Ġ8 0.01647125
88 0.00010950337
- 0.00018137218
349 0.0012316576
- 0.000115463554
88 0.00023023834
84 0.00084357616
Ġ8 0.015365584
88 0.0001170132
- 0.00018935515
349 0.0012451129
- 0.000113794704
88 0.00023035755
84 0.0007855643
Ġ8 0.014973666
88 0.00012833021
- 6.869018e-06
349 0.0012713047
- 0.000102827966
88 0.00020234835
84 0.0007694865
Ġ8 0.014936201
88 0.00010175513
- 0.00017517358
349 0.0012878557
- 0.00010545045
88 0.00021378823
84 0.00076626794
Ġ8 0.013837302
88 0.00012332367
- 0.00019912985
349 0.001357025
- 9.865584e-05
88 0.00024275472
84 0.0007935436
Ġ8 0.013707733
88 0.00014382669
- 0.00020663968
349 0.0013395278
- 0.00010354319
88 0.0002447702
84 0.00086274586
Ġ8 0.0142969
88 0.00015407454
- 1.3186812e-05
349 0.0009282566
- 4.4179764e-05
88 0.00014811802
84 0.0005414773
Ġ8 0.0071047517
88 8.351697e-05
- 8.75699e-05
349 0.0012626138
- 4.9067115e-05
88 0.00019543454
84 0.00057054835
Ġ8 0.0062145935
88 7.886803e-05
- 9.913265e-05
349 0.0012990461
- 5.7888185e-05
88 0.00018661347
84 0.0005780545
Ġ8 0.0062575964
88 8.089449e-05
- 0.00010914576
349 0.0013455926
- 5.5623317e-05
88 0.00016468366
84 0.0005825806
Ġ8 0.0061027473
88 7.505351e-05
- 0.000112245056
349 0.0012634483
- 5.443128e-05
88 0.000162538
84 0.0005345635
Ġ8 0.005545478
88 6.670925e-05
- 8.208653e-05
349 0.0011880877
- 5.025915e-05
88 0.00012642296
84 0.0005094262
Ġ8 0.005111611
88 6.563642e-05
- 7.743759e-05
349 0.0011879685
- 4.3226137e-05
88 0.0001278534
84 0.00047368708
Ġ8 0.005012921
88 6.635165e-05
- 7.660316e-05
349 0.0011509365
- 4.167649e-05
88 0.00013178712
84 0.00047011464
Ġ8 0.00493392
88 6.7901296e-05
- 8.077529e-05
349 0.001211426
- 4.5252596e-05
88 0.00013178712
84 0.00044628125
Ġ8 0.004765696
88 6.372917e-05
- 9.221884e-05
349 0.0012397524
- 1.2233183e-05
88 0.00013083349
84 0.00039492646
Ġ8 0.005084799
88 7.815281e-05
- 8.8165914e-05
349 0.0011405731
- 3.786197e-05
88 0.00013893934
84 0.00045295665
Ġ8 0.005208144
88 7.3742274e-05
- 9.043079e-05
349 0.0012455897
- 4.2391708e-05
88 0.00015550498
84 0.0004838194
Ġ8 0.004872112
88 7.2073424e-05
- 8.530503e-05
349 0.0011321206
- 4.370295e-05
88 0.00014358829
84 0.0004776208
Ġ8 0.004795
88 6.706687e-05
- 8.6616266e-05
349 0.0011171156
- 3.7146747e-05
88 0.00013703208
84 0.00047619038
Ġ8 0.0045858226
88 5.5861725e-05
- 5.2001665e-06
349 0.0010830637
- 2.9279307e-05
88 0.00010950337
84 0.0004366294
Ġ8 0.0043981904
88 5.8961017e-05
- 7.493431e-05
349 0.0012329688
- 3.0113732e-05
88 0.00012523093
84 0.0004589095
Ġ8 0.004519008
88 6.80205e-05
- 7.600714e-05
349 0.0011653418
- 3.2855416e-05
88 0.00012082772
84 0.00045819426
Ġ8 0.0045395386
88 6.253713e-05
- 8.709308e-05
349 0.0010949731
- 3.8100377e-05
88 0.00012654216
84 0.0004620088
Ġ8 0.0043242457
88 6.325235e-05
- 8.959636e-05
349 0.001087709
- 1.7239736e-05
88 0.0001037816
84 0.00038658222
Ġ8 0.0039506443
88 7.243103e-05
- 7.8033605e-05
349 0.001029831
- 2.4630364e-05
88 0.00011009939
84 0.0003924232
Ġ8 0.0041163927
88 7.3742274e-05
- 6.81397e-05
349 0.0009954141
- 2.2842309e-05
88 0.00011117222
84 0.00041374963
Ġ8 0.0039106263
88 6.909333e-05
- 7.79144e-05
349 0.0010398368
- 2.618001e-05
88 0.00010998019
84 0.00038431733
Ġ8 0.0038284604
88 7.147741e-05
- 8.339777e-05
349 0.0010092307
- 2.58224e-05
88 0.00010139752
84 0.0003802681
Ġ8 0.003780124
88 6.241792e-05
- 1.3856493e-06
349 0.0009960101
- 2.7014437e-05
88 9.543734e-05
84 0.00035774958
Ġ8 0.003823945
88 6.80205e-05
- 7.004696e-05
349 0.0010105383
- 2.0935051e-05
88 9.627177e-05
84 0.00035357746
Ġ8 0.003465714
88 7.255024e-05
- 7.529192e-05
349 0.0010356683
- 2.5703197e-05
88 9.674858e-05
84 0.00033546583
Ġ8 0.0034778358
88 6.742448e-05
- 8.339777e-05
349 0.00097232533
- 2.4749568e-05
88 9.317247e-05
84 0.0003485746
Ġ8 0.0032523426
88 7.076218e-05
- 9.1026806e-05
349 0.0010465048
- 2.6537622e-05
88 0.00010342398
84 0.00032211503
Ġ8 0.0033498898
88 6.81397e-05
- 7.016616e-05
349 0.0010164948
- 2.5583993e-05
88 8.792751e-05
84 0.00033248574
Ġ8 0.0033811415
88 7.922564e-05
- 6.909333e-05
349 0.0009923185
- 2.2365493e-05
88 9.209964e-05
84 0.00032914805
Ġ8 0.003325169
88 7.7318386e-05
- 6.80205e-05
349 0.0010232821
- 2.3080716e-05
88 9.400689e-05
84 0.00033224735
Ġ8 0.0032916635
88 7.612634e-05
- 7.815281e-05
349 0.0010612714
- 2.3795938e-05
88 9.639097e-05
84 0.0003241415
Ċ 8.30377
As 13.534337
Ġhe 5.7447844
Ġpond 6.284198
ered 0.18147084
Ġhis 2.0929356
Ġpurpose 7.642651
Ġin 1.9260023
Ġthe 2.4582238
Ġruins 8.052312
, 1.3360826
Ġhe 1.0515711
Ġheard 3.526272
Ġa 1.0172209
Ġknock 4.863427
Ġon 1.125855
Ġthe 0.39532632
Ġdoor 0.14743921
. 0.4071633
Ċ 2.015761
He 1.4830458
Ġfound 6.895284
Ġa 1.7407389
Ġlittle 4.5855308
Ġgirl 1.0151547
Ġstanding 1.6607997
Ġat 3.1149182
Ġhis 2.851202
Ġdoorstep 4.0465684
, 1.6362612
Ġher 3.252388
Ġeyes 2.3220508
Ġfilled 2.638867
Ġwith 0.016835745
Ġinnocence 5.33319
Ġand 1.7273396
Ġcuriosity 2.8267803
, 2.3539865
Ġand 1.9939556
Ġshe 1.836442
Ġwore 4.911687
Ġt 7.061977
attered 0.38041887
Ġclothes 1.2761748
Ġand 2.047874
Ġbore 8.437042
Ġthe 2.6550987
Ġsigns 3.5315962
Ġof 0.01992717
Ġthe 3.4661312
Ġharsh 4.901141
Ġworld 2.1291065
Ġshe 2.8274179
Ġhad 1.136518
Ġsurvived 4.436333
Ġin 0.91898465
. 0.1907935
Ċ 0.32717213
The 2.8504372
Ġman 3.8858514
Ġand 6.0752773
Ġthe 0.96064824
Ġgirl 0.8892251
Ġshared 4.3888254
Ġmemories 9.403334
Ġand 2.7209668
Ġcreated 8.132557
Ġnew 4.8712215
Ġones 0.79317576
, 1.326412
Ġwhile 5.341286
Ġthe 1.1745503
Ġman 2.0824583
Ġtaught 4.711882
Ġher 0.8232512
Ġsurvival 7.024872
Ġskills 1.0523599
. 1.8918123
Ċ 0.37084708
They 2.5951767
Ġwere 2.6013563
Ġa 3.039873
Ġsmall 4.168789
Ġfamily 2.2490044
Ġin 2.8135362
Ġtheir 3.408318
Ġsanctuary 7.5697227
. 2.051258
Ċ 0.3601083
The 1.5824178
Ġman 0.9863765
Ġand 3.271421
Ġthe 0.3717019
Ġgirl 0.2536365
Ġwere 1.969144
Ġdetermined 7.2054796
Ġto 0.14441296
Ġrebuild 5.348276
Ġwhat 3.825938
Ġhad 1.5173731
Ġbeen 0.1689125
Ġlost 1.5802993
, 1.548665
Ġand 0.86750305
Ġeach 5.4921317
Ġknock 14.457027
Ġon 1.0986294
Ġthe 0.17565504
Ġdoor 0.044273417
Ġwas 1.5116129
Ġmet 4.3299313
Ġwith 0.184815
Ġhope 5.923439
. 1.1913652
