Information 8.320104
Ġ8 9.73321
88 9.7092905
- 0.79854584
282 5.5470514
- 0.004419794
0 3.9283662
476 5.8383985
Ġ8 3.964281
88 0.18345287
- 0.01767689
282 0.15846613
- 0.00041827938
0 0.11642965
476 0.060041048
Ġ8 2.0562854
88 0.04670616
- 0.0072949626
282 0.03908446
- 0.000305311
0 0.057569075
476 0.025171941
Ġ8 0.6181342
88 0.014191122
- 0.0010431708
282 0.022594308
- 0.00032283025
0 0.017642343
476 0.008968012
Ġ8 0.40625995
88 0.008815705
- 0.00082761387
282 0.018425241
- 0.0002879146
0 0.011806213
476 0.0057446216
Ġ8 0.29668063
88 0.0058072098
- 0.0005861567
282 0.015664073
- 0.00026193185
0 0.008236885
476 0.0040064533
Ġ8 0.2033683
88 0.004479374
- 0.00046153198
282 0.013052337
- 0.00020270597
0 0.0062070084
476 0.0031522885
Ġ8 0.14883229
88 0.003356182
- 0.00041529932
282 0.010801386
- 0.00020711649
0 0.0046386225
476 0.0025512888
Ġ8 0.11785115
88 0.0030034927
- 0.00037645356
282 0.0089383535
- 0.00010163593
0 0.0034305544
476 0.0022625441
Ġ8 0.09480631
88 0.0022549336
- 0.00032628715
282 0.007404535
- 0.000119993296
0 0.0028665662
476 0.0018207202
Ġ8 0.081526466
88 0.0018265502
- 0.0003062646
282 0.006075737
- 7.1954215e-05
0 0.0025950384
476 0.0015316474
Ġ8 0.07032852
88 0.0014046368
- 0.0002787359
282 0.0048952466
- 0.00013619766
0 0.0022745582
476 0.0011937985
Ġ8 0.06319606
88 0.0010425748
- 0.0002545449
282 0.0043330337
- 1.998142e-05
0 0.0021415744
476 0.0010575798
Ġ8 0.054861866
88 0.00090061966
- 0.0002422779
282 0.0041880948
- 2.7729659e-05
0 0.001890911
476 0.0009174127
Ġ8 0.05135567
88 0.00077984616
- 0.00022463576
282 0.0031898322
- 2.9756122e-05
0 0.0017126629
476 0.000840596
Ġ8 0.046089463
88 0.00068467576
- 0.00020961977
282 0.0026886098
- 2.2365493e-05
0 0.0015297402
476 0.0007654335
Ġ8 0.042677466
88 0.00059508963
- 0.00018995117
282 0.0025611497
- 0.00012284685
0 0.0013416734
476 0.00065322436
Ġ8 0.04049618
88 0.0005436193
- 0.00017779607
282 0.0020855467
- 1.8908588e-05
0 0.0012784495
476 0.0006542972
Ġ8 0.03849652
88 0.0004516454
- 0.00017076306
282 0.0020422484
- 1.6882126e-05
0 0.001203685
476 0.00059354363
Ġ8 0.037398845
88 0.0004516454
- 0.0001693326
282 0.0017342021
- 9.960947e-05
0 0.0011084247
476 0.00050072797
Ġ8 0.035865318
88 0.00042876197
- 0.0001592003
282 0.0016556596
- 9.567575e-05
0 0.0009339711
476 0.0004730911
Ġ8 0.033853155
88 0.00037740718
- 0.00016492206
282 0.0014538056
- 9.9371064e-05
0 0.00083225913
476 0.00046963783
Ġ8 0.03282122
88 0.0003491706
- 0.00015669702
282 0.0015162922
- 9.436451e-05
0 0.000780919
476 0.0003924232
Ġ8 0.024599018
88 0.0003831253
- 0.00016206119
282 0.0014962917
- 2.0815847e-05
0 0.0010224477
476 0.00045641355
Ġ8 0.024836035
88 0.00035012423
- 0.00016635252
282 0.0012602333
- 7.2907846e-05
0 0.0008003382
476 0.00036858613
Ġ8 0.024719168
88 0.00034142236
- 0.00016384924
282 0.0011508173
- 7.326546e-05
0 0.0007044489
476 0.0003434488
Ġ8 0.025152406
88 0.0003280752
- 0.00014323067
282 0.0011206918
- 7.5530326e-05
0 0.00064059976
476 0.00035107418
Ġ8 0.02431052
88 0.00033891908
- 0.00014275387
282 0.0009712525
- 9.968313e-06
0 0.00063094794
476 0.00030221537
Ġ8 0.02316233
88 0.0002631239
- 0.00013464801
282 0.00096874917
- 5.8603408e-05
0 0.00059366284
476 0.0002755174
Ġ8 0.022769699
88 0.00029017578
- 0.00012868783
282 0.0009099139
- 6.0749073e-05
0 0.0005149059
476 0.00024739266
Ġ8 0.022361537
88 0.00025895544
- 0.00013023747
282 0.0008111747
- 6.5994034e-05
0 0.0004972711
476 0.0002478695
Ġ8 0.022179779
88 0.00025263763
- 0.00012558853
282 0.0008590543
- 6.217952e-05
0 0.0004871571
476 0.0001842294
Ġ8 0.022094999
88 0.00022558939
- 0.000108907356
282 0.00079307414
- 5.080963e-06
0 0.00047905126
476 0.0002036596
Ġ8 0.020848645
88 0.00021128863
- 9.829823e-05
282 0.00065465475
- 4.572941e-05
0 0.0004243588
476 0.0001823258
Ġ8 0.020573651
88 0.00020163313
- 9.448371e-05
282 0.00064547977
- 5.1928004e-05
0 0.00039123115
476 0.00018935515
Ġ8 0.0207898
88 0.00018804391
- 9.2457245e-05
282 0.00067062076
- 5.7172965e-05
0 0.00036989737
476 0.00017958412
Ġ8 0.019943643
88 0.0001978186
- 9.0907604e-05
282 0.0005857991
- 3.1737043e-06
0 0.00037311585
476 0.00015860428
Ġ8 0.020091336
88 0.00016742534
- 7.79144e-05
282 0.00056089653
- 4.406056e-05
0 0.00036632127
476 0.00015002528
Ġ8 0.018980058
88 0.00016802136
- 7.564953e-05
282 0.0005775777
- 5.109358e-05
0 0.0003317705
476 0.00014811802
Ġ8 0.019374039
88 0.00015467056
- 7.314626e-05
282 0.00051347545
- 5.4312077e-05
0 0.000312344
476 0.00015026369
Ġ8 0.019011054
88 0.00015979631
- 6.456359e-05
282 0.000557678
- 6.134509e-05
0 0.0002943479
476 0.00015181334
Ġ8 0.01971832
88 0.00015669702
- 6.50404e-05
282 0.0005259882
- 4.2630116e-05
0 0.00030984072
476 0.00013643607
Ġ8 0.018247813
88 0.0001530017
- 6.515961e-05
282 0.00046284322
- 5.5980927e-05
0 0.0002753982
476 0.00011510595
Ġ8 0.0181922
88 0.00015431295
- 6.15835e-05
282 0.00043782144
- 6.563642e-05
0 0.0002790935
476 0.000119993296
Ġ8 0.018238092
88 0.0001468068
- 5.800739e-05
282 0.0004711875
- 6.921253e-05
0 0.00025585614
476 0.000121542944
Ġ8 0.017801497
88 0.0001407274
- 6.0153056e-05
282 0.00047106826
- 2.577686e-06
0 0.0002854113
476 0.00012035091
Ġ8 0.017053515
88 0.00012642296
- 4.7875077e-05
282 0.00041672974
- 6.289474e-05
0 0.00025299523
476 0.000117370815
Ġ8 0.016985416
88 0.000119993296
- 4.7159858e-05
282 0.00042555082
- 7.0404574e-05
0 0.0002356025
476 0.00011152984
Ġ8 0.017023275
88 0.00012523093
- 5.0378356e-05
282 0.00038789344
- 6.659005e-05
0 0.00023810577
476 0.00010998019
Ġ8 0.016718404
88 0.00012535013
- 4.990154e-05
282 0.0003395151
- 7.660316e-05
0 0.00022976153
476 0.00010676169
Ġ8 0.016683705
88 0.000116417184
- 4.298773e-05
282 0.00041351124
- 1.7432603e-06
0 0.00029410952
476 0.00011272187
Ġ8 0.015965393
88 0.00010163593
- 4.3226137e-05
282 0.00035167023
- 6.5278815e-05
0 0.00025680976
476 0.000100205485
Ġ8 0.01552582
88 0.00010294717
- 4.310693e-05
282 0.00033772705
- 6.9331734e-05
0 0.00022463576
476 9.4960524e-05
Ġ8 0.015363468
88 0.00010521204
- 4.465658e-05
282 0.00035918003
- 7.159661e-05
0 0.00021843717
476 0.00010008628
Ġ8 0.015185959
88 0.00010807293
- 4.7875077e-05
282 0.00029995048
- 7.2073424e-05
0 0.00021474186
476 9.8536635e-05
Ġ8 0.015078054
88 9.7583004e-05
- 4.2630116e-05
282 0.00036822853
- 1.2664457e-06
0 0.0002584786
476 0.00010759611
Ġ8 0.014291027
88 8.75699e-05
- 4.310693e-05
282 0.0003150857
- 6.146429e-05
0 0.00023452967
476 9.7583004e-05
Ċ 5.5031137
The 10.665964
Ġlatest 6.284979
Ġprocesses 13.734962
Ġin 2.0993698
Ġcultural 10.638208
Ġchange 3.8110445
Ġshow 6.2185345
Ġthat 0.6490952
Ġboth 6.7717714
Ġsides 4.1473627
Ġof 1.4271203
Ġthe 0.6838772
Ġargument 3.2786403
Ġhave 2.0568972
Ġreasonable 6.9354897
Ġgrounds 4.3669486
. 1.477766
Ċ 2.4461908
The 2.0634966
Ġstrength 7.8022738
Ġof 0.20236237
Ġlocal 7.8257527
Ġcultures 4.2117577
Ġis 1.4076331
Ġseen 4.773374
Ġas 1.2471869
Ġmore 6.065975
Ġcompelling 6.6100082
Ġby 3.551427
Ġthe 1.6513871
Ġother 6.489457
Ġside 0.48358425
. 0.9637612
Ċ 0.32253483
The 1.5867935
Ġhost 9.658718
Ġcultures 3.9358501
Ġknow 6.480953
Ġthe 2.2192729
Ġhistory 4.0837507
Ġof 0.6741727
Ġthe 0.8079403
Ġcultural 5.763591
Ġclusters 11.156574
. 2.3651457
