Information 8.320104
Ġ8 9.73321
88 9.7092905
- 0.79854584
282 5.5470514
- 0.004419794
0 3.9283662
476 5.8383965
Ġ8 3.9642792
88 0.18345287
- 0.017677007
282 0.15846594
- 0.00041827938
0 0.11642965
476 0.060041275
Ġ8 2.0562854
88 0.04670616
- 0.0072949626
282 0.039084572
- 0.000305311
0 0.057569075
476 0.025171822
Ġ8 0.6181341
88 0.014191122
- 0.0010431708
282 0.022594308
- 0.00032283025
0 0.017642343
476 0.008967894
Ġ8 0.40625986
88 0.008815705
- 0.00082761387
282 0.018425241
- 0.0002879146
0 0.011806213
476 0.0057446216
Ġ8 0.29667902
88 0.0058072098
- 0.0005861567
282 0.015664073
- 0.00026193185
0 0.008236885
476 0.0040064533
Ġ8 0.20336924
88 0.004479374
- 0.00046153198
282 0.013052575
- 0.00020270597
0 0.0062070084
476 0.0031524077
Ġ8 0.14883219
88 0.003356182
- 0.00041529932
282 0.010801386
- 0.00020711649
0 0.0046386225
476 0.0025717332
Ġ8 0.115434945
88 0.0028905869
- 0.00037585758
282 0.008848915
- 0.000105331244
0 0.0035525586
476 0.0022348284
Ġ8 0.09702174
88 0.0021265878
- 0.00032485672
282 0.0071761403
- 0.000119993296
0 0.0028534941
476 0.0018570076
Ġ8 0.08312499
88 0.0017910898
- 0.00028719936
282 0.005857447
- 7.4576696e-05
0 0.002588739
476 0.0015799707
Ġ8 0.070399195
88 0.0013288104
- 0.0002734946
282 0.0049570547
- 0.00013882013
0 0.0023296247
476 0.0012257047
Ġ8 0.06414952
88 0.0011155696
- 0.00024906153
282 0.00412435
- 2.0219828e-05
0 0.0021532346
476 0.0010627019
Ġ8 0.056569565
88 0.00095767423
- 0.0002356025
282 0.0035071764
- 2.808727e-05
0 0.0019297055
476 0.0009303949
Ġ8 0.051148526
88 0.00080534106
- 0.00022797346
282 0.0036227622
- 2.8325678e-05
0 0.0016861281
476 0.00083607365
Ġ8 0.046529233
88 0.0006701439
- 0.00019841464
282 0.0028583705
- 2.4034345e-05
0 0.0015399733
476 0.00073696586
Ġ8 0.042840343
88 0.0006141476
- 0.00018983196
282 0.0026079987
- 0.00012499251
0 0.0013109555
476 0.0006491714
Ġ8 0.041389514
88 0.0005375436
- 0.00017040544
282 0.002086497
- 1.7835755e-05
0 0.0012746387
476 0.000645599
Ġ8 0.039362542
88 0.00047332948
- 0.00016873659
282 0.002072706
- 1.6762922e-05
0 0.0011854689
476 0.0006104522
Ġ8 0.03711827
88 0.00045271826
- 0.00017946491
282 0.0018818772
- 0.000104496816
0 0.0010962842
476 0.00051693234
Ġ8 0.036614217
88 0.00042828516
- 0.00014799883
282 0.001532713
- 8.280175e-05
0 0.0009202736
476 0.0004738063
Ġ8 0.033937857
88 0.0003902775
- 0.00016790217
282 0.001442019
- 9.841743e-05
0 0.00081784645
476 0.00046367763
Ġ8 0.0330112
88 0.00036013365
- 0.00016182278
282 0.0013505917
- 8.9834764e-05
0 0.0007906901
476 0.00038479414
Ġ8 0.024435584
88 0.00040457462
- 0.0001506213
282 0.0013317869
- 1.7597347e-05
0 0.00101816
476 0.0004397287
Ġ8 0.024611235
88 0.00032867122
- 0.00015371693
282 0.0012844024
- 7.529192e-05
0 0.0008021226
476 0.0003607297
Ġ8 0.024602043
88 0.00033748866
- 0.00017123987
282 0.0011089016
- 7.338466e-05
0 0.0007137431
476 0.00033475063
Ġ8 0.024092108
88 0.00035786882
- 0.0001501445
282 0.0010652015
- 7.624555e-05
0 0.00063178234
476 0.00033856148
Ġ8 0.024211504
88 0.00035655755
- 0.00013905855
282 0.0010656783
- 1.0683535e-05
0 0.00064952904
476 0.00031389366
Ġ8 0.023724534
88 0.0002997121
- 0.00012749579
282 0.0009499297
- 5.6457742e-05
0 0.0005694755
476 0.00027206415
Ġ8 0.023175005
88 0.00028600733
- 0.00013595926
282 0.00085702783
- 6.253713e-05
0 0.00052145845
476 0.00025263763
Ġ8 0.022825276
88 0.00025228
- 0.00012368128
282 0.0008398808
- 6.6947665e-05
0 0.00049119536
476 0.00025001515
Ġ8 0.022141997
88 0.00026586556
- 0.00012225083
282 0.000836312
- 6.0153056e-05
0 0.0004897649
476 0.0001906664
Ġ8 0.021909935
88 0.00020282516
- 0.00010616567
282 0.00074351835
- 4.8425554e-06
0 0.00045510233
476 0.00019901065
Ġ8 0.021073248
88 0.00021331508
- 9.150362e-05
282 0.00068396056
- 4.608702e-05
0 0.00043055005
476 0.00018923594
Ġ8 0.02040349
88 0.00019436171
- 9.555654e-05
282 0.0006289215
- 5.1689596e-05
0 0.00039146954
476 0.00018673266
Ġ8 0.020776615
88 0.00018744789
- 9.41261e-05
282 0.00063607004
- 6.062987e-05
0 0.00037132783
476 0.0001756504
Ġ8 0.020459086
88 0.00019138161
- 9.209964e-05
282 0.0005666146
- 2.3392786e-06
0 0.00039051592
476 0.00016313401
Ġ8 0.01963533
88 0.00018172979
- 7.445749e-05
282 0.00061367074
- 4.608702e-05
0 0.00035262384
476 0.00015371693
Ġ8 0.019887436
88 0.00016301482
- 7.517272e-05
282 0.00052705733
- 5.276243e-05
0 0.0003309361
476 0.0001506213
Ġ8 0.019543922
88 0.00014823723
- 7.171581e-05
282 0.00050561165
- 5.6815352e-05
0 0.00032592955
476 0.00015074051
Ġ8 0.019453082
88 0.00016134596
- 6.50404e-05
282 0.0005552976
- 6.4444386e-05
0 0.00029422872
476 0.00015741224
Ġ8 0.0193288
88 0.00015229016
- 6.0153056e-05
282 0.0005390932
- 4.2868523e-05
0 0.00029422872
476 0.00013357517
Ġ8 0.01848446
88 0.00015205175
- 6.0391463e-05
282 0.000508711
- 5.7411373e-05
0 0.00028111998
476 0.00011605957
Ġ8 0.018031936
88 0.00015419374
- 5.9795446e-05
282 0.0004425859
- 6.15835e-05
0 0.00027802069
476 0.00012260844
Ġ8 0.01773873
88 0.00014001218
- 6.1106686e-05
282 0.0004740447
- 7.004696e-05
0 0.00025359125
476 0.00012356207
Ġ8 0.018080406
88 0.00014299227
- 5.8603408e-05
282 0.000492745
- 1.8624639e-06
0 0.0002818352
476 0.0001202317
Ġ8 0.017405732
88 0.00013214473
- 5.419287e-05
282 0.0004391327
- 6.2775536e-05
0 0.0002454854
476 0.000115463554
Ġ8 0.017232914
88 0.00012582695
- 5.145119e-05
282 0.00039670718
- 6.6232446e-05
0 0.00022701983
476 0.000111291425
Ġ8 0.017078236
88 0.00012058931
- 4.8709502e-05
282 0.00040815072
- 6.7901296e-05
0 0.00023393365
476 0.00010783452
Ġ8 0.016583232
88 0.00012320446
- 5.0020742e-05
282 0.00037287746
- 7.9940866e-05
0 0.00023488728
476 0.000104616025
Ġ8 0.016704578
88 0.00012284685
- 4.5252596e-05
282 0.0004070779
- 1.6240566e-06
0 0.00028588812
476 0.00011164904
Ġ8 0.015951082
88 0.00010306638
- 4.572941e-05
282 0.00033820388
- 6.337155e-05
0 0.00024703506
476 9.794062e-05
Ġ8 0.015460426
88 9.805982e-05
- 4.2630116e-05
282 0.00033212814
- 6.3609965e-05
0 0.00023750975
476 9.5079726e-05
Ġ8 0.01538882
88 0.00010974178
- 4.2510914e-05
282 0.00033272416
- 6.647085e-05
0 0.00022368213
476 9.305327e-05
Ġ8 0.015213909
88 9.627177e-05
- 4.5252596e-05
282 0.00029625517
- 6.754368e-05
0 0.00021366903
476 9.674858e-05
Ġ8 0.01499117
88 0.000106284875
- 4.036525e-05
282 0.00035906085
- 1.2664457e-06
0 0.00025740577
476 0.00010568886
Ġ8 0.014118492
88 8.4828214e-05
- 4.0007635e-05
282 0.00031782736
- 6.15835e-05
0 0.00023345684
476 0.00010747691
Ċ 5.514531
The 10.664128
Ġlatest 6.2254667
Ġprocesses 13.756446
Ġin 2.0968995
Ġcultural 10.641675
Ġchange 3.7929688
Ġdemonstrate 7.9032917
Ġthat 0.59719634
Ġboth 6.7198033
Ġsides 4.433695
Ġof 1.1298072
Ġthe 0.79647464
Ġargument 3.3510394
, 3.5971723
Ġnamely 6.7053566
Ġthose 2.4966426
Ġsupporting 4.057566
Ġdivers 8.4089
ification 0.088976
Ġand 0.5312956
Ġthe 4.035588
Ġones 3.2592354
Ġclaiming 5.3777337
Ġhom 4.3035183
ogeneity 0.2613846
, 0.42929378
Ġhave 1.5241
Ġreasonable 6.231367
Ġgrounds 2.687891
. 1.2972721
ĠOn 4.2597513
Ġthe 0.4232474
Ġone 0.12417806
Ġhand 0.071927935
, 0.11781576
ĠCow 14.601604
en 1.3288883
Ġ( 1.4575013
2010 2.6753309
) 0.16880386
Ġstates 2.7176192
Ġthat 0.11650085
Ġin 3.8685188
Ġa 2.3259392
Ġglobal 2.0099792
ized 0.47216114
Ġsociety 2.8676288
Ġwhere 3.7544928
Ġa 4.3186007
Ġdominant 5.782068
Ġculture 0.9083799
Ġprev 3.05155
ails 0.000305311
, 0.3131205
Ġdiversity 4.503443
Ġwill 2.8573637
Ġbe 1.2899467
Ġsubstituted 6.641251
Ġwith 2.0491595
Ġthe 3.124282
Ġculture 3.6956632
Ġthat 2.4391444
Ġis 0.9626567
Ġimposed 4.2566156
Ġon 1.5593724
Ġothers 2.7834868
Ġthrough 3.8232524
Ġsuch 6.2984834
Ġmeans 1.8588048
Ġas 0.058897495
Ġcinema 6.781433
. 4.0956306
ĠIndeed 5.9867654
, 0.030994715
ĠHollywood 3.9910097
Ġpromotes 7.078175
ĠAmerican 2.1265142
Ġcodes 9.852317
Ġaround 7.4476895
Ġthe 0.020025328
Ġworld 0.28072074
Ġbecause 6.169681
Ġthe 2.5870097
ĠUS 3.6324708
Ġcinema 5.8343506
Ġmarket 3.4110842
Ġis 0.37123537
Ġthe 1.2961107
Ġlargest 0.982239
Ġin 0.4865467
Ġthe 0.014731249
Ġworld 0.050193463
. 0.9537031
ĠThus 3.6718345
, 0.0840488
Ġglobalization 5.076539
Ġallows 4.3691845
ĠHollywood 3.354898
Ġto 0.21135023
Ġreach 3.6135426
Ġall 3.7895195
Ġparts 2.9192662
Ġof 0.011230312
Ġthe 0.014183018
Ġworld 0.31851965
, 1.4582199
Ġintegrating 8.096254
Ġthe 2.1700618
Ġsame 4.4575205
Ġculture 1.825417
Ġcodes 9.076775
Ġeverywhere 3.2753541
. 0.46593735
Ċ 2.9608178
The 2.5506232
Ġstrength 7.4900403
Ġof 0.087599516
Ġlocal 5.946579
Ġcultures 1.1339161
Ġis 1.2854358
Ġconsidered 6.773671
Ġmore 5.779738
Ġcompelling 7.625223
Ġby 1.8527442
Ġthe 2.2505732
Ġother 2.0858946
Ġside 0.31287318
Ġof 0.44380176
Ġthe 0.018443028
Ġargument 0.25098488
. 0.36048692
Ċ 6.356761
Since 5.7674656
Ġmarket 7.5564837
Ġforces 2.0117412
Ġrule 4.3519797
Ġthese 5.2330246
Ġprocesses 2.165162
, 0.26166764
Ġthe 1.605447
Ġhost 10.523401
Ġcultures 2.6154127
Ġare 1.7042581
Ġaware 7.685554
Ġof 0.35853177
Ġthe 0.4533115
Ġorigins 9.880679
Ġof 0.07511857
Ġthe 0.8808939
Ġborrowed 8.450842
Ġcultural 2.2908978
Ġclusters 11.123439
. 1.5010347
